8.384716500569764364e-01
8.384716500569764364e-01
8.381626760894590467e-01
8.384716500569764364e-01
8.381626760894590467e-01
8.398721411535511328e-01
8.384716500569764364e-01
8.381626760894590467e-01
8.398721411535511328e-01
8.391429850860973039e-01
8.384716500569764364e-01
8.381626760894590467e-01
8.398721411535511328e-01
8.391429850860973039e-01
8.412603110072002233e-01
8.384716500569764364e-01
8.381626760894590467e-01
8.398721411535511328e-01
8.391429850860973039e-01
8.412603110072002233e-01
8.394507123541733451e-01
8.384716500569764364e-01
8.381626760894590467e-01
8.398721411535511328e-01
8.391429850860973039e-01
8.412603110072002233e-01
8.394507123541733451e-01
9.720933258443714697e-01
8.384716500569764364e-01
8.381626760894590467e-01
8.398721411535511328e-01
8.391429850860973039e-01
8.412603110072002233e-01
8.394507123541733451e-01
9.720933258443714697e-01
9.729442393012286416e-01
8.384716500569764364e-01
8.381626760894590467e-01
8.398721411535511328e-01
8.391429850860973039e-01
8.412603110072002233e-01
8.394507123541733451e-01
9.720933258443714697e-01
9.729442393012286416e-01
9.750771258876654857e-01
8.384716500569764364e-01
8.381626760894590467e-01
8.398721411535511328e-01
8.391429850860973039e-01
8.412603110072002233e-01
8.394507123541733451e-01
9.720933258443714697e-01
9.729442393012286416e-01
9.750771258876654857e-01
9.719041415113321980e-01
8.384716500569764364e-01
8.381626760894590467e-01
8.398721411535511328e-01
8.391429850860973039e-01
8.412603110072002233e-01
8.394507123541733451e-01
9.720933258443714697e-01
9.729442393012286416e-01
9.750771258876654857e-01
9.719041415113321980e-01
9.756027710259652652e-01
8.384716500569764364e-01
8.381626760894590467e-01
8.398721411535511328e-01
8.391429850860973039e-01
8.412603110072002233e-01
8.394507123541733451e-01
9.720933258443714697e-01
9.729442393012286416e-01
9.750771258876654857e-01
9.719041415113321980e-01
9.756027710259652652e-01
9.733412155042686642e-01
8.384716500569764364e-01
8.381626760894590467e-01
8.398721411535511328e-01
8.391429850860973039e-01
8.412603110072002233e-01
8.394507123541733451e-01
9.720933258443714697e-01
9.729442393012286416e-01
9.750771258876654857e-01
9.719041415113321980e-01
9.756027710259652652e-01
9.733412155042686642e-01
1.105962359036266385e+00
8.384716500569764364e-01
8.381626760894590467e-01
8.398721411535511328e-01
8.391429850860973039e-01
8.412603110072002233e-01
8.394507123541733451e-01
9.720933258443714697e-01
9.729442393012286416e-01
9.750771258876654857e-01
9.719041415113321980e-01
9.756027710259652652e-01
9.733412155042686642e-01
1.105962359036266385e+00
1.106177567702534725e+00
8.384716500569764364e-01
8.381626760894590467e-01
8.398721411535511328e-01
8.391429850860973039e-01
8.412603110072002233e-01
8.394507123541733451e-01
9.720933258443714697e-01
9.729442393012286416e-01
9.750771258876654857e-01
9.719041415113321980e-01
9.756027710259652652e-01
9.733412155042686642e-01
1.105962359036266385e+00
1.106177567702534725e+00
1.107955306734479839e+00
8.384716500569764364e-01
8.381626760894590467e-01
8.398721411535511328e-01
8.391429850860973039e-01
8.412603110072002233e-01
8.394507123541733451e-01
9.720933258443714697e-01
9.729442393012286416e-01
9.750771258876654857e-01
9.719041415113321980e-01
9.756027710259652652e-01
9.733412155042686642e-01
1.105962359036266385e+00
1.106177567702534725e+00
1.107955306734479839e+00
1.106690195684975064e+00
8.384716500569764364e-01
8.381626760894590467e-01
8.398721411535511328e-01
8.391429850860973039e-01
8.412603110072002233e-01
8.394507123541733451e-01
9.720933258443714697e-01
9.729442393012286416e-01
9.750771258876654857e-01
9.719041415113321980e-01
9.756027710259652652e-01
9.733412155042686642e-01
1.105962359036266385e+00
1.106177567702534725e+00
1.107955306734479839e+00
1.106690195684975064e+00
1.109512363652507716e+00
8.384716500569764364e-01
8.381626760894590467e-01
8.398721411535511328e-01
8.391429850860973039e-01
8.412603110072002233e-01
8.394507123541733451e-01
9.720933258443714697e-01
9.729442393012286416e-01
9.750771258876654857e-01
9.719041415113321980e-01
9.756027710259652652e-01
9.733412155042686642e-01
1.105962359036266385e+00
1.106177567702534725e+00
1.107955306734479839e+00
1.106690195684975064e+00
1.109512363652507716e+00
1.110132946387647701e+00
8.384716500569764364e-01
8.381626760894590467e-01
8.398721411535511328e-01
8.391429850860973039e-01
8.412603110072002233e-01
8.394507123541733451e-01
9.720933258443714697e-01
9.729442393012286416e-01
9.750771258876654857e-01
9.719041415113321980e-01
9.756027710259652652e-01
9.733412155042686642e-01
1.105962359036266385e+00
1.106177567702534725e+00
1.107955306734479839e+00
1.106690195684975064e+00
1.109512363652507716e+00
1.110132946387647701e+00
1.107479110018253943e+00
8.384716500569764364e-01
8.381626760894590467e-01
8.398721411535511328e-01
8.391429850860973039e-01
8.412603110072002233e-01
8.394507123541733451e-01
9.720933258443714697e-01
9.729442393012286416e-01
9.750771258876654857e-01
9.719041415113321980e-01
9.756027710259652652e-01
9.733412155042686642e-01
1.105962359036266385e+00
1.106177567702534725e+00
1.107955306734479839e+00
1.106690195684975064e+00
1.109512363652507716e+00
1.110132946387647701e+00
1.107479110018253943e+00
1.240455619624911909e+00
8.384716500569764364e-01
8.381626760894590467e-01
8.398721411535511328e-01
8.391429850860973039e-01
8.412603110072002233e-01
8.394507123541733451e-01
9.720933258443714697e-01
9.729442393012286416e-01
9.750771258876654857e-01
9.719041415113321980e-01
9.756027710259652652e-01
9.733412155042686642e-01
1.105962359036266385e+00
1.106177567702534725e+00
1.107955306734479839e+00
1.106690195684975064e+00
1.109512363652507716e+00
1.110132946387647701e+00
1.107479110018253943e+00
1.240455619624911909e+00
1.242552123412675735e+00
8.384716500569764364e-01
8.381626760894590467e-01
8.398721411535511328e-01
8.391429850860973039e-01
8.412603110072002233e-01
8.394507123541733451e-01
9.720933258443714697e-01
9.729442393012286416e-01
9.750771258876654857e-01
9.719041415113321980e-01
9.756027710259652652e-01
9.733412155042686642e-01
1.105962359036266385e+00
1.106177567702534725e+00
1.107955306734479839e+00
1.106690195684975064e+00
1.109512363652507716e+00
1.110132946387647701e+00
1.107479110018253943e+00
1.240455619624911909e+00
1.242552123412675735e+00
1.243082345126060195e+00
8.384716500569764364e-01
8.381626760894590467e-01
8.398721411535511328e-01
8.391429850860973039e-01
8.412603110072002233e-01
8.394507123541733451e-01
9.720933258443714697e-01
9.729442393012286416e-01
9.750771258876654857e-01
9.719041415113321980e-01
9.756027710259652652e-01
9.733412155042686642e-01
1.105962359036266385e+00
1.106177567702534725e+00
1.107955306734479839e+00
1.106690195684975064e+00
1.109512363652507716e+00
1.110132946387647701e+00
1.107479110018253943e+00
1.240455619624911909e+00
1.242552123412675735e+00
1.243082345126060195e+00
1.250903918096064160e+00
8.384716500569764364e-01
8.381626760894590467e-01
8.398721411535511328e-01
8.391429850860973039e-01
8.412603110072002233e-01
8.394507123541733451e-01
9.720933258443714697e-01
9.729442393012286416e-01
9.750771258876654857e-01
9.719041415113321980e-01
9.756027710259652652e-01
9.733412155042686642e-01
1.105962359036266385e+00
1.106177567702534725e+00
1.107955306734479839e+00
1.106690195684975064e+00
1.109512363652507716e+00
1.110132946387647701e+00
1.107479110018253943e+00
1.240455619624911909e+00
1.242552123412675735e+00
1.243082345126060195e+00
1.250903918096064160e+00
1.246163944366611043e+00
8.384716500569764364e-01
8.381626760894590467e-01
8.398721411535511328e-01
8.391429850860973039e-01
8.412603110072002233e-01
8.394507123541733451e-01
9.720933258443714697e-01
9.729442393012286416e-01
9.750771258876654857e-01
9.719041415113321980e-01
9.756027710259652652e-01
9.733412155042686642e-01
1.105962359036266385e+00
1.106177567702534725e+00
1.107955306734479839e+00
1.106690195684975064e+00
1.109512363652507716e+00
1.110132946387647701e+00
1.107479110018253943e+00
1.240455619624911909e+00
1.242552123412675735e+00
1.243082345126060195e+00
1.250903918096064160e+00
1.246163944366611043e+00
1.245347326677280986e+00
8.384716500569764364e-01
8.381626760894590467e-01
8.398721411535511328e-01
8.391429850860973039e-01
8.412603110072002233e-01
8.394507123541733451e-01
9.720933258443714697e-01
9.729442393012286416e-01
9.750771258876654857e-01
9.719041415113321980e-01
9.756027710259652652e-01
9.733412155042686642e-01
1.105962359036266385e+00
1.106177567702534725e+00
1.107955306734479839e+00
1.106690195684975064e+00
1.109512363652507716e+00
1.110132946387647701e+00
1.107479110018253943e+00
1.240455619624911909e+00
1.242552123412675735e+00
1.243082345126060195e+00
1.250903918096064160e+00
1.246163944366611043e+00
1.245347326677280986e+00
1.246556777984371589e+00
8.384716500569764364e-01
8.381626760894590467e-01
8.398721411535511328e-01
8.391429850860973039e-01
8.412603110072002233e-01
8.394507123541733451e-01
9.720933258443714697e-01
9.729442393012286416e-01
9.750771258876654857e-01
9.719041415113321980e-01
9.756027710259652652e-01
9.733412155042686642e-01
1.105962359036266385e+00
1.106177567702534725e+00
1.107955306734479839e+00
1.106690195684975064e+00
1.109512363652507716e+00
1.110132946387647701e+00
1.107479110018253943e+00
1.240455619624911909e+00
1.242552123412675735e+00
1.243082345126060195e+00
1.250903918096064160e+00
1.246163944366611043e+00
1.245347326677280986e+00
1.246556777984371589e+00
1.377992106763231472e+00
8.384716500569764364e-01
8.381626760894590467e-01
8.398721411535511328e-01
8.391429850860973039e-01
8.412603110072002233e-01
8.394507123541733451e-01
9.720933258443714697e-01
9.729442393012286416e-01
9.750771258876654857e-01
9.719041415113321980e-01
9.756027710259652652e-01
9.733412155042686642e-01
1.105962359036266385e+00
1.106177567702534725e+00
1.107955306734479839e+00
1.106690195684975064e+00
1.109512363652507716e+00
1.110132946387647701e+00
1.107479110018253943e+00
1.240455619624911909e+00
1.242552123412675735e+00
1.243082345126060195e+00
1.250903918096064160e+00
1.246163944366611043e+00
1.245347326677280986e+00
1.246556777984371589e+00
1.377992106763231472e+00
1.377429730581344103e+00
8.384716500569764364e-01
8.381626760894590467e-01
8.398721411535511328e-01
8.391429850860973039e-01
8.412603110072002233e-01
8.394507123541733451e-01
9.720933258443714697e-01
9.729442393012286416e-01
9.750771258876654857e-01
9.719041415113321980e-01
9.756027710259652652e-01
9.733412155042686642e-01
1.105962359036266385e+00
1.106177567702534725e+00
1.107955306734479839e+00
1.106690195684975064e+00
1.109512363652507716e+00
1.110132946387647701e+00
1.107479110018253943e+00
1.240455619624911909e+00
1.242552123412675735e+00
1.243082345126060195e+00
1.250903918096064160e+00
1.246163944366611043e+00
1.245347326677280986e+00
1.246556777984371589e+00
1.377992106763231472e+00
1.377429730581344103e+00
1.384268010096815216e+00
8.384716500569764364e-01
8.381626760894590467e-01
8.398721411535511328e-01
8.391429850860973039e-01
8.412603110072002233e-01
8.394507123541733451e-01
9.720933258443714697e-01
9.729442393012286416e-01
9.750771258876654857e-01
9.719041415113321980e-01
9.756027710259652652e-01
9.733412155042686642e-01
1.105962359036266385e+00
1.106177567702534725e+00
1.107955306734479839e+00
1.106690195684975064e+00
1.109512363652507716e+00
1.110132946387647701e+00
1.107479110018253943e+00
1.240455619624911909e+00
1.242552123412675735e+00
1.243082345126060195e+00
1.250903918096064160e+00
1.246163944366611043e+00
1.245347326677280986e+00
1.246556777984371589e+00
1.377992106763231472e+00
1.377429730581344103e+00
1.384268010096815216e+00
1.377248523573508576e+00
8.384716500569764364e-01
8.381626760894590467e-01
8.398721411535511328e-01
8.391429850860973039e-01
8.412603110072002233e-01
8.394507123541733451e-01
9.720933258443714697e-01
9.729442393012286416e-01
9.750771258876654857e-01
9.719041415113321980e-01
9.756027710259652652e-01
9.733412155042686642e-01
1.105962359036266385e+00
1.106177567702534725e+00
1.107955306734479839e+00
1.106690195684975064e+00
1.109512363652507716e+00
1.110132946387647701e+00
1.107479110018253943e+00
1.240455619624911909e+00
1.242552123412675735e+00
1.243082345126060195e+00
1.250903918096064160e+00
1.246163944366611043e+00
1.245347326677280986e+00
1.246556777984371589e+00
1.377992106763231472e+00
1.377429730581344103e+00
1.384268010096815216e+00
1.377248523573508576e+00
1.374522801748594203e+00
8.384716500569764364e-01
8.381626760894590467e-01
8.398721411535511328e-01
8.391429850860973039e-01
8.412603110072002233e-01
8.394507123541733451e-01
9.720933258443714697e-01
9.729442393012286416e-01
9.750771258876654857e-01
9.719041415113321980e-01
9.756027710259652652e-01
9.733412155042686642e-01
1.105962359036266385e+00
1.106177567702534725e+00
1.107955306734479839e+00
1.106690195684975064e+00
1.109512363652507716e+00
1.110132946387647701e+00
1.107479110018253943e+00
1.240455619624911909e+00
1.242552123412675735e+00
1.243082345126060195e+00
1.250903918096064160e+00
1.246163944366611043e+00
1.245347326677280986e+00
1.246556777984371589e+00
1.377992106763231472e+00
1.377429730581344103e+00
1.384268010096815216e+00
1.377248523573508576e+00
1.374522801748594203e+00
1.378573219604936284e+00
8.384716500569764364e-01
8.381626760894590467e-01
8.398721411535511328e-01
8.391429850860973039e-01
8.412603110072002233e-01
8.394507123541733451e-01
9.720933258443714697e-01
9.729442393012286416e-01
9.750771258876654857e-01
9.719041415113321980e-01
9.756027710259652652e-01
9.733412155042686642e-01
1.105962359036266385e+00
1.106177567702534725e+00
1.107955306734479839e+00
1.106690195684975064e+00
1.109512363652507716e+00
1.110132946387647701e+00
1.107479110018253943e+00
1.240455619624911909e+00
1.242552123412675735e+00
1.243082345126060195e+00
1.250903918096064160e+00
1.246163944366611043e+00
1.245347326677280986e+00
1.246556777984371589e+00
1.377992106763231472e+00
1.377429730581344103e+00
1.384268010096815216e+00
1.377248523573508576e+00
1.374522801748594203e+00
1.378573219604936284e+00
1.379416940192228269e+00
8.384716500569764364e-01
8.381626760894590467e-01
8.398721411535511328e-01
8.391429850860973039e-01
8.412603110072002233e-01
8.394507123541733451e-01
9.720933258443714697e-01
9.729442393012286416e-01
9.750771258876654857e-01
9.719041415113321980e-01
9.756027710259652652e-01
9.733412155042686642e-01
1.105962359036266385e+00
1.106177567702534725e+00
1.107955306734479839e+00
1.106690195684975064e+00
1.109512363652507716e+00
1.110132946387647701e+00
1.107479110018253943e+00
1.240455619624911909e+00
1.242552123412675735e+00
1.243082345126060195e+00
1.250903918096064160e+00
1.246163944366611043e+00
1.245347326677280986e+00
1.246556777984371589e+00
1.377992106763231472e+00
1.377429730581344103e+00
1.384268010096815216e+00
1.377248523573508576e+00
1.374522801748594203e+00
1.378573219604936284e+00
1.379416940192228269e+00
1.377661411827299842e+00
8.384716500569764364e-01
8.381626760894590467e-01
8.398721411535511328e-01
8.391429850860973039e-01
8.412603110072002233e-01
8.394507123541733451e-01
9.720933258443714697e-01
9.729442393012286416e-01
9.750771258876654857e-01
9.719041415113321980e-01
9.756027710259652652e-01
9.733412155042686642e-01
1.105962359036266385e+00
1.106177567702534725e+00
1.107955306734479839e+00
1.106690195684975064e+00
1.109512363652507716e+00
1.110132946387647701e+00
1.107479110018253943e+00
1.240455619624911909e+00
1.242552123412675735e+00
1.243082345126060195e+00
1.250903918096064160e+00
1.246163944366611043e+00
1.245347326677280986e+00
1.246556777984371589e+00
1.377992106763231472e+00
1.377429730581344103e+00
1.384268010096815216e+00
1.377248523573508576e+00
1.374522801748594203e+00
1.378573219604936284e+00
1.379416940192228269e+00
1.377661411827299842e+00
1.512859738101964613e+00
8.384716500569764364e-01
8.381626760894590467e-01
8.398721411535511328e-01
8.391429850860973039e-01
8.412603110072002233e-01
8.394507123541733451e-01
9.720933258443714697e-01
9.729442393012286416e-01
9.750771258876654857e-01
9.719041415113321980e-01
9.756027710259652652e-01
9.733412155042686642e-01
1.105962359036266385e+00
1.106177567702534725e+00
1.107955306734479839e+00
1.106690195684975064e+00
1.109512363652507716e+00
1.110132946387647701e+00
1.107479110018253943e+00
1.240455619624911909e+00
1.242552123412675735e+00
1.243082345126060195e+00
1.250903918096064160e+00
1.246163944366611043e+00
1.245347326677280986e+00
1.246556777984371589e+00
1.377992106763231472e+00
1.377429730581344103e+00
1.384268010096815216e+00
1.377248523573508576e+00
1.374522801748594203e+00
1.378573219604936284e+00
1.379416940192228269e+00
1.377661411827299842e+00
1.512859738101964613e+00
1.515313750813858329e+00
8.384716500569764364e-01
8.381626760894590467e-01
8.398721411535511328e-01
8.391429850860973039e-01
8.412603110072002233e-01
8.394507123541733451e-01
9.720933258443714697e-01
9.729442393012286416e-01
9.750771258876654857e-01
9.719041415113321980e-01
9.756027710259652652e-01
9.733412155042686642e-01
1.105962359036266385e+00
1.106177567702534725e+00
1.107955306734479839e+00
1.106690195684975064e+00
1.109512363652507716e+00
1.110132946387647701e+00
1.107479110018253943e+00
1.240455619624911909e+00
1.242552123412675735e+00
1.243082345126060195e+00
1.250903918096064160e+00
1.246163944366611043e+00
1.245347326677280986e+00
1.246556777984371589e+00
1.377992106763231472e+00
1.377429730581344103e+00
1.384268010096815216e+00
1.377248523573508576e+00
1.374522801748594203e+00
1.378573219604936284e+00
1.379416940192228269e+00
1.377661411827299842e+00
1.512859738101964613e+00
1.515313750813858329e+00
1.518805940151492617e+00
8.384716500569764364e-01
8.381626760894590467e-01
8.398721411535511328e-01
8.391429850860973039e-01
8.412603110072002233e-01
8.394507123541733451e-01
9.720933258443714697e-01
9.729442393012286416e-01
9.750771258876654857e-01
9.719041415113321980e-01
9.756027710259652652e-01
9.733412155042686642e-01
1.105962359036266385e+00
1.106177567702534725e+00
1.107955306734479839e+00
1.106690195684975064e+00
1.109512363652507716e+00
1.110132946387647701e+00
1.107479110018253943e+00
1.240455619624911909e+00
1.242552123412675735e+00
1.243082345126060195e+00
1.250903918096064160e+00
1.246163944366611043e+00
1.245347326677280986e+00
1.246556777984371589e+00
1.377992106763231472e+00
1.377429730581344103e+00
1.384268010096815216e+00
1.377248523573508576e+00
1.374522801748594203e+00
1.378573219604936284e+00
1.379416940192228269e+00
1.377661411827299842e+00
1.512859738101964613e+00
1.515313750813858329e+00
1.518805940151492617e+00
1.516574120299683859e+00
8.384716500569764364e-01
8.381626760894590467e-01
8.398721411535511328e-01
8.391429850860973039e-01
8.412603110072002233e-01
8.394507123541733451e-01
9.720933258443714697e-01
9.729442393012286416e-01
9.750771258876654857e-01
9.719041415113321980e-01
9.756027710259652652e-01
9.733412155042686642e-01
1.105962359036266385e+00
1.106177567702534725e+00
1.107955306734479839e+00
1.106690195684975064e+00
1.109512363652507716e+00
1.110132946387647701e+00
1.107479110018253943e+00
1.240455619624911909e+00
1.242552123412675735e+00
1.243082345126060195e+00
1.250903918096064160e+00
1.246163944366611043e+00
1.245347326677280986e+00
1.246556777984371589e+00
1.377992106763231472e+00
1.377429730581344103e+00
1.384268010096815216e+00
1.377248523573508576e+00
1.374522801748594203e+00
1.378573219604936284e+00
1.379416940192228269e+00
1.377661411827299842e+00
1.512859738101964613e+00
1.515313750813858329e+00
1.518805940151492617e+00
1.516574120299683859e+00
1.513691025117991584e+00
8.384716500569764364e-01
8.381626760894590467e-01
8.398721411535511328e-01
8.391429850860973039e-01
8.412603110072002233e-01
8.394507123541733451e-01
9.720933258443714697e-01
9.729442393012286416e-01
9.750771258876654857e-01
9.719041415113321980e-01
9.756027710259652652e-01
9.733412155042686642e-01
1.105962359036266385e+00
1.106177567702534725e+00
1.107955306734479839e+00
1.106690195684975064e+00
1.109512363652507716e+00
1.110132946387647701e+00
1.107479110018253943e+00
1.240455619624911909e+00
1.242552123412675735e+00
1.243082345126060195e+00
1.250903918096064160e+00
1.246163944366611043e+00
1.245347326677280986e+00
1.246556777984371589e+00
1.377992106763231472e+00
1.377429730581344103e+00
1.384268010096815216e+00
1.377248523573508576e+00
1.374522801748594203e+00
1.378573219604936284e+00
1.379416940192228269e+00
1.377661411827299842e+00
1.512859738101964613e+00
1.515313750813858329e+00
1.518805940151492617e+00
1.516574120299683859e+00
1.513691025117991584e+00
1.516986656047299986e+00
8.384716500569764364e-01
8.381626760894590467e-01
8.398721411535511328e-01
8.391429850860973039e-01
8.412603110072002233e-01
8.394507123541733451e-01
9.720933258443714697e-01
9.729442393012286416e-01
9.750771258876654857e-01
9.719041415113321980e-01
9.756027710259652652e-01
9.733412155042686642e-01
1.105962359036266385e+00
1.106177567702534725e+00
1.107955306734479839e+00
1.106690195684975064e+00
1.109512363652507716e+00
1.110132946387647701e+00
1.107479110018253943e+00
1.240455619624911909e+00
1.242552123412675735e+00
1.243082345126060195e+00
1.250903918096064160e+00
1.246163944366611043e+00
1.245347326677280986e+00
1.246556777984371589e+00
1.377992106763231472e+00
1.377429730581344103e+00
1.384268010096815216e+00
1.377248523573508576e+00
1.374522801748594203e+00
1.378573219604936284e+00
1.379416940192228269e+00
1.377661411827299842e+00
1.512859738101964613e+00
1.515313750813858329e+00
1.518805940151492617e+00
1.516574120299683859e+00
1.513691025117991584e+00
1.516986656047299986e+00
1.511942137703786937e+00
8.384716500569764364e-01
8.381626760894590467e-01
8.398721411535511328e-01
8.391429850860973039e-01
8.412603110072002233e-01
8.394507123541733451e-01
9.720933258443714697e-01
9.729442393012286416e-01
9.750771258876654857e-01
9.719041415113321980e-01
9.756027710259652652e-01
9.733412155042686642e-01
1.105962359036266385e+00
1.106177567702534725e+00
1.107955306734479839e+00
1.106690195684975064e+00
1.109512363652507716e+00
1.110132946387647701e+00
1.107479110018253943e+00
1.240455619624911909e+00
1.242552123412675735e+00
1.243082345126060195e+00
1.250903918096064160e+00
1.246163944366611043e+00
1.245347326677280986e+00
1.246556777984371589e+00
1.377992106763231472e+00
1.377429730581344103e+00
1.384268010096815216e+00
1.377248523573508576e+00
1.374522801748594203e+00
1.378573219604936284e+00
1.379416940192228269e+00
1.377661411827299842e+00
1.512859738101964613e+00
1.515313750813858329e+00
1.518805940151492617e+00
1.516574120299683859e+00
1.513691025117991584e+00
1.516986656047299986e+00
1.511942137703786937e+00
1.511112009047707705e+00
