8.348359081456434572e-01
8.348359081456434572e-01
8.348657272341050151e-01
8.348359081456434572e-01
8.348657272341050151e-01
8.349070711685012691e-01
8.348359081456434572e-01
8.348657272341050151e-01
8.349070711685012691e-01
8.349365998015396695e-01
8.348359081456434572e-01
8.348657272341050151e-01
8.349070711685012691e-01
8.349365998015396695e-01
8.349614658785932120e-01
8.348359081456434572e-01
8.348657272341050151e-01
8.349070711685012691e-01
8.349365998015396695e-01
8.349614658785932120e-01
8.349928746642810706e-01
8.348359081456434572e-01
8.348657272341050151e-01
8.349070711685012691e-01
8.349365998015396695e-01
8.349614658785932120e-01
8.349928746642810706e-01
9.679583287170512307e-01
8.348359081456434572e-01
8.348657272341050151e-01
8.349070711685012691e-01
8.349365998015396695e-01
8.349614658785932120e-01
8.349928746642810706e-01
9.679583287170512307e-01
9.679943763009069002e-01
8.348359081456434572e-01
8.348657272341050151e-01
8.349070711685012691e-01
8.349365998015396695e-01
8.349614658785932120e-01
8.349928746642810706e-01
9.679583287170512307e-01
9.679943763009069002e-01
9.680100443504502383e-01
8.348359081456434572e-01
8.348657272341050151e-01
8.349070711685012691e-01
8.349365998015396695e-01
8.349614658785932120e-01
8.349928746642810706e-01
9.679583287170512307e-01
9.679943763009069002e-01
9.680100443504502383e-01
9.680429286006930756e-01
8.348359081456434572e-01
8.348657272341050151e-01
8.349070711685012691e-01
8.349365998015396695e-01
8.349614658785932120e-01
8.349928746642810706e-01
9.679583287170512307e-01
9.679943763009069002e-01
9.680100443504502383e-01
9.680429286006930756e-01
9.680686014834802844e-01
8.348359081456434572e-01
8.348657272341050151e-01
8.349070711685012691e-01
8.349365998015396695e-01
8.349614658785932120e-01
8.349928746642810706e-01
9.679583287170512307e-01
9.679943763009069002e-01
9.680100443504502383e-01
9.680429286006930756e-01
9.680686014834802844e-01
9.681181799516846986e-01
8.348359081456434572e-01
8.348657272341050151e-01
8.349070711685012691e-01
8.349365998015396695e-01
8.349614658785932120e-01
8.349928746642810706e-01
9.679583287170512307e-01
9.679943763009069002e-01
9.680100443504502383e-01
9.680429286006930756e-01
9.680686014834802844e-01
9.681181799516846986e-01
1.101069095824097621e+00
8.348359081456434572e-01
8.348657272341050151e-01
8.349070711685012691e-01
8.349365998015396695e-01
8.349614658785932120e-01
8.349928746642810706e-01
9.679583287170512307e-01
9.679943763009069002e-01
9.680100443504502383e-01
9.680429286006930756e-01
9.680686014834802844e-01
9.681181799516846986e-01
1.101069095824097621e+00
1.101116354350104354e+00
8.348359081456434572e-01
8.348657272341050151e-01
8.349070711685012691e-01
8.349365998015396695e-01
8.349614658785932120e-01
8.349928746642810706e-01
9.679583287170512307e-01
9.679943763009069002e-01
9.680100443504502383e-01
9.680429286006930756e-01
9.680686014834802844e-01
9.681181799516846986e-01
1.101069095824097621e+00
1.101116354350104354e+00
1.101169320252395112e+00
8.348359081456434572e-01
8.348657272341050151e-01
8.349070711685012691e-01
8.349365998015396695e-01
8.349614658785932120e-01
8.349928746642810706e-01
9.679583287170512307e-01
9.679943763009069002e-01
9.680100443504502383e-01
9.680429286006930756e-01
9.680686014834802844e-01
9.681181799516846986e-01
1.101069095824097621e+00
1.101116354350104354e+00
1.101169320252395112e+00
1.101187846971854123e+00
8.348359081456434572e-01
8.348657272341050151e-01
8.349070711685012691e-01
8.349365998015396695e-01
8.349614658785932120e-01
8.349928746642810706e-01
9.679583287170512307e-01
9.679943763009069002e-01
9.680100443504502383e-01
9.680429286006930756e-01
9.680686014834802844e-01
9.681181799516846986e-01
1.101069095824097621e+00
1.101116354350104354e+00
1.101169320252395112e+00
1.101187846971854123e+00
1.101204668587568714e+00
8.348359081456434572e-01
8.348657272341050151e-01
8.349070711685012691e-01
8.349365998015396695e-01
8.349614658785932120e-01
8.349928746642810706e-01
9.679583287170512307e-01
9.679943763009069002e-01
9.680100443504502383e-01
9.680429286006930756e-01
9.680686014834802844e-01
9.681181799516846986e-01
1.101069095824097621e+00
1.101116354350104354e+00
1.101169320252395112e+00
1.101187846971854123e+00
1.101204668587568714e+00
1.101242117990493208e+00
8.348359081456434572e-01
8.348657272341050151e-01
8.349070711685012691e-01
8.349365998015396695e-01
8.349614658785932120e-01
8.349928746642810706e-01
9.679583287170512307e-01
9.679943763009069002e-01
9.680100443504502383e-01
9.680429286006930756e-01
9.680686014834802844e-01
9.681181799516846986e-01
1.101069095824097621e+00
1.101116354350104354e+00
1.101169320252395112e+00
1.101187846971854123e+00
1.101204668587568714e+00
1.101242117990493208e+00
1.101280780176535190e+00
8.348359081456434572e-01
8.348657272341050151e-01
8.349070711685012691e-01
8.349365998015396695e-01
8.349614658785932120e-01
8.349928746642810706e-01
9.679583287170512307e-01
9.679943763009069002e-01
9.680100443504502383e-01
9.680429286006930756e-01
9.680686014834802844e-01
9.681181799516846986e-01
1.101069095824097621e+00
1.101116354350104354e+00
1.101169320252395112e+00
1.101187846971854123e+00
1.101204668587568714e+00
1.101242117990493208e+00
1.101280780176535190e+00
1.234278904138302213e+00
8.348359081456434572e-01
8.348657272341050151e-01
8.349070711685012691e-01
8.349365998015396695e-01
8.349614658785932120e-01
8.349928746642810706e-01
9.679583287170512307e-01
9.679943763009069002e-01
9.680100443504502383e-01
9.680429286006930756e-01
9.680686014834802844e-01
9.681181799516846986e-01
1.101069095824097621e+00
1.101116354350104354e+00
1.101169320252395112e+00
1.101187846971854123e+00
1.101204668587568714e+00
1.101242117990493208e+00
1.101280780176535190e+00
1.234278904138302213e+00
1.234315995474783989e+00
8.348359081456434572e-01
8.348657272341050151e-01
8.349070711685012691e-01
8.349365998015396695e-01
8.349614658785932120e-01
8.349928746642810706e-01
9.679583287170512307e-01
9.679943763009069002e-01
9.680100443504502383e-01
9.680429286006930756e-01
9.680686014834802844e-01
9.681181799516846986e-01
1.101069095824097621e+00
1.101116354350104354e+00
1.101169320252395112e+00
1.101187846971854123e+00
1.101204668587568714e+00
1.101242117990493208e+00
1.101280780176535190e+00
1.234278904138302213e+00
1.234315995474783989e+00
1.234365947925657681e+00
8.348359081456434572e-01
8.348657272341050151e-01
8.349070711685012691e-01
8.349365998015396695e-01
8.349614658785932120e-01
8.349928746642810706e-01
9.679583287170512307e-01
9.679943763009069002e-01
9.680100443504502383e-01
9.680429286006930756e-01
9.680686014834802844e-01
9.681181799516846986e-01
1.101069095824097621e+00
1.101116354350104354e+00
1.101169320252395112e+00
1.101187846971854123e+00
1.101204668587568714e+00
1.101242117990493208e+00
1.101280780176535190e+00
1.234278904138302213e+00
1.234315995474783989e+00
1.234365947925657681e+00
1.234385524410266832e+00
8.348359081456434572e-01
8.348657272341050151e-01
8.349070711685012691e-01
8.349365998015396695e-01
8.349614658785932120e-01
8.349928746642810706e-01
9.679583287170512307e-01
9.679943763009069002e-01
9.680100443504502383e-01
9.680429286006930756e-01
9.680686014834802844e-01
9.681181799516846986e-01
1.101069095824097621e+00
1.101116354350104354e+00
1.101169320252395112e+00
1.101187846971854123e+00
1.101204668587568714e+00
1.101242117990493208e+00
1.101280780176535190e+00
1.234278904138302213e+00
1.234315995474783989e+00
1.234365947925657681e+00
1.234385524410266832e+00
1.234415921021736695e+00
8.348359081456434572e-01
8.348657272341050151e-01
8.349070711685012691e-01
8.349365998015396695e-01
8.349614658785932120e-01
8.349928746642810706e-01
9.679583287170512307e-01
9.679943763009069002e-01
9.680100443504502383e-01
9.680429286006930756e-01
9.680686014834802844e-01
9.681181799516846986e-01
1.101069095824097621e+00
1.101116354350104354e+00
1.101169320252395112e+00
1.101187846971854123e+00
1.101204668587568714e+00
1.101242117990493208e+00
1.101280780176535190e+00
1.234278904138302213e+00
1.234315995474783989e+00
1.234365947925657681e+00
1.234385524410266832e+00
1.234415921021736695e+00
1.234440995047600520e+00
8.348359081456434572e-01
8.348657272341050151e-01
8.349070711685012691e-01
8.349365998015396695e-01
8.349614658785932120e-01
8.349928746642810706e-01
9.679583287170512307e-01
9.679943763009069002e-01
9.680100443504502383e-01
9.680429286006930756e-01
9.680686014834802844e-01
9.681181799516846986e-01
1.101069095824097621e+00
1.101116354350104354e+00
1.101169320252395112e+00
1.101187846971854123e+00
1.101204668587568714e+00
1.101242117990493208e+00
1.101280780176535190e+00
1.234278904138302213e+00
1.234315995474783989e+00
1.234365947925657681e+00
1.234385524410266832e+00
1.234415921021736695e+00
1.234440995047600520e+00
1.234490210118377007e+00
8.348359081456434572e-01
8.348657272341050151e-01
8.349070711685012691e-01
8.349365998015396695e-01
8.349614658785932120e-01
8.349928746642810706e-01
9.679583287170512307e-01
9.679943763009069002e-01
9.680100443504502383e-01
9.680429286006930756e-01
9.680686014834802844e-01
9.681181799516846986e-01
1.101069095824097621e+00
1.101116354350104354e+00
1.101169320252395112e+00
1.101187846971854123e+00
1.101204668587568714e+00
1.101242117990493208e+00
1.101280780176535190e+00
1.234278904138302213e+00
1.234315995474783989e+00
1.234365947925657681e+00
1.234385524410266832e+00
1.234415921021736695e+00
1.234440995047600520e+00
1.234490210118377007e+00
1.367513933521440350e+00
8.348359081456434572e-01
8.348657272341050151e-01
8.349070711685012691e-01
8.349365998015396695e-01
8.349614658785932120e-01
8.349928746642810706e-01
9.679583287170512307e-01
9.679943763009069002e-01
9.680100443504502383e-01
9.680429286006930756e-01
9.680686014834802844e-01
9.681181799516846986e-01
1.101069095824097621e+00
1.101116354350104354e+00
1.101169320252395112e+00
1.101187846971854123e+00
1.101204668587568714e+00
1.101242117990493208e+00
1.101280780176535190e+00
1.234278904138302213e+00
1.234315995474783989e+00
1.234365947925657681e+00
1.234385524410266832e+00
1.234415921021736695e+00
1.234440995047600520e+00
1.234490210118377007e+00
1.367513933521440350e+00
1.367548826869033674e+00
8.348359081456434572e-01
8.348657272341050151e-01
8.349070711685012691e-01
8.349365998015396695e-01
8.349614658785932120e-01
8.349928746642810706e-01
9.679583287170512307e-01
9.679943763009069002e-01
9.680100443504502383e-01
9.680429286006930756e-01
9.680686014834802844e-01
9.681181799516846986e-01
1.101069095824097621e+00
1.101116354350104354e+00
1.101169320252395112e+00
1.101187846971854123e+00
1.101204668587568714e+00
1.101242117990493208e+00
1.101280780176535190e+00
1.234278904138302213e+00
1.234315995474783989e+00
1.234365947925657681e+00
1.234385524410266832e+00
1.234415921021736695e+00
1.234440995047600520e+00
1.234490210118377007e+00
1.367513933521440350e+00
1.367548826869033674e+00
1.367599382606524916e+00
8.348359081456434572e-01
8.348657272341050151e-01
8.349070711685012691e-01
8.349365998015396695e-01
8.349614658785932120e-01
8.349928746642810706e-01
9.679583287170512307e-01
9.679943763009069002e-01
9.680100443504502383e-01
9.680429286006930756e-01
9.680686014834802844e-01
9.681181799516846986e-01
1.101069095824097621e+00
1.101116354350104354e+00
1.101169320252395112e+00
1.101187846971854123e+00
1.101204668587568714e+00
1.101242117990493208e+00
1.101280780176535190e+00
1.234278904138302213e+00
1.234315995474783989e+00
1.234365947925657681e+00
1.234385524410266832e+00
1.234415921021736695e+00
1.234440995047600520e+00
1.234490210118377007e+00
1.367513933521440350e+00
1.367548826869033674e+00
1.367599382606524916e+00
1.367622389508391878e+00
8.348359081456434572e-01
8.348657272341050151e-01
8.349070711685012691e-01
8.349365998015396695e-01
8.349614658785932120e-01
8.349928746642810706e-01
9.679583287170512307e-01
9.679943763009069002e-01
9.680100443504502383e-01
9.680429286006930756e-01
9.680686014834802844e-01
9.681181799516846986e-01
1.101069095824097621e+00
1.101116354350104354e+00
1.101169320252395112e+00
1.101187846971854123e+00
1.101204668587568714e+00
1.101242117990493208e+00
1.101280780176535190e+00
1.234278904138302213e+00
1.234315995474783989e+00
1.234365947925657681e+00
1.234385524410266832e+00
1.234415921021736695e+00
1.234440995047600520e+00
1.234490210118377007e+00
1.367513933521440350e+00
1.367548826869033674e+00
1.367599382606524916e+00
1.367622389508391878e+00
1.367636342873423061e+00
8.348359081456434572e-01
8.348657272341050151e-01
8.349070711685012691e-01
8.349365998015396695e-01
8.349614658785932120e-01
8.349928746642810706e-01
9.679583287170512307e-01
9.679943763009069002e-01
9.680100443504502383e-01
9.680429286006930756e-01
9.680686014834802844e-01
9.681181799516846986e-01
1.101069095824097621e+00
1.101116354350104354e+00
1.101169320252395112e+00
1.101187846971854123e+00
1.101204668587568714e+00
1.101242117990493208e+00
1.101280780176535190e+00
1.234278904138302213e+00
1.234315995474783989e+00
1.234365947925657681e+00
1.234385524410266832e+00
1.234415921021736695e+00
1.234440995047600520e+00
1.234490210118377007e+00
1.367513933521440350e+00
1.367548826869033674e+00
1.367599382606524916e+00
1.367622389508391878e+00
1.367636342873423061e+00
1.367650231534157657e+00
8.348359081456434572e-01
8.348657272341050151e-01
8.349070711685012691e-01
8.349365998015396695e-01
8.349614658785932120e-01
8.349928746642810706e-01
9.679583287170512307e-01
9.679943763009069002e-01
9.680100443504502383e-01
9.680429286006930756e-01
9.680686014834802844e-01
9.681181799516846986e-01
1.101069095824097621e+00
1.101116354350104354e+00
1.101169320252395112e+00
1.101187846971854123e+00
1.101204668587568714e+00
1.101242117990493208e+00
1.101280780176535190e+00
1.234278904138302213e+00
1.234315995474783989e+00
1.234365947925657681e+00
1.234385524410266832e+00
1.234415921021736695e+00
1.234440995047600520e+00
1.234490210118377007e+00
1.367513933521440350e+00
1.367548826869033674e+00
1.367599382606524916e+00
1.367622389508391878e+00
1.367636342873423061e+00
1.367650231534157657e+00
1.367673950777738900e+00
8.348359081456434572e-01
8.348657272341050151e-01
8.349070711685012691e-01
8.349365998015396695e-01
8.349614658785932120e-01
8.349928746642810706e-01
9.679583287170512307e-01
9.679943763009069002e-01
9.680100443504502383e-01
9.680429286006930756e-01
9.680686014834802844e-01
9.681181799516846986e-01
1.101069095824097621e+00
1.101116354350104354e+00
1.101169320252395112e+00
1.101187846971854123e+00
1.101204668587568714e+00
1.101242117990493208e+00
1.101280780176535190e+00
1.234278904138302213e+00
1.234315995474783989e+00
1.234365947925657681e+00
1.234385524410266832e+00
1.234415921021736695e+00
1.234440995047600520e+00
1.234490210118377007e+00
1.367513933521440350e+00
1.367548826869033674e+00
1.367599382606524916e+00
1.367622389508391878e+00
1.367636342873423061e+00
1.367650231534157657e+00
1.367673950777738900e+00
1.367716660294180375e+00
8.348359081456434572e-01
8.348657272341050151e-01
8.349070711685012691e-01
8.349365998015396695e-01
8.349614658785932120e-01
8.349928746642810706e-01
9.679583287170512307e-01
9.679943763009069002e-01
9.680100443504502383e-01
9.680429286006930756e-01
9.680686014834802844e-01
9.681181799516846986e-01
1.101069095824097621e+00
1.101116354350104354e+00
1.101169320252395112e+00
1.101187846971854123e+00
1.101204668587568714e+00
1.101242117990493208e+00
1.101280780176535190e+00
1.234278904138302213e+00
1.234315995474783989e+00
1.234365947925657681e+00
1.234385524410266832e+00
1.234415921021736695e+00
1.234440995047600520e+00
1.234490210118377007e+00
1.367513933521440350e+00
1.367548826869033674e+00
1.367599382606524916e+00
1.367622389508391878e+00
1.367636342873423061e+00
1.367650231534157657e+00
1.367673950777738900e+00
1.367716660294180375e+00
1.500755441521389510e+00
8.348359081456434572e-01
8.348657272341050151e-01
8.349070711685012691e-01
8.349365998015396695e-01
8.349614658785932120e-01
8.349928746642810706e-01
9.679583287170512307e-01
9.679943763009069002e-01
9.680100443504502383e-01
9.680429286006930756e-01
9.680686014834802844e-01
9.681181799516846986e-01
1.101069095824097621e+00
1.101116354350104354e+00
1.101169320252395112e+00
1.101187846971854123e+00
1.101204668587568714e+00
1.101242117990493208e+00
1.101280780176535190e+00
1.234278904138302213e+00
1.234315995474783989e+00
1.234365947925657681e+00
1.234385524410266832e+00
1.234415921021736695e+00
1.234440995047600520e+00
1.234490210118377007e+00
1.367513933521440350e+00
1.367548826869033674e+00
1.367599382606524916e+00
1.367622389508391878e+00
1.367636342873423061e+00
1.367650231534157657e+00
1.367673950777738900e+00
1.367716660294180375e+00
1.500755441521389510e+00
1.500801230793382901e+00
8.348359081456434572e-01
8.348657272341050151e-01
8.349070711685012691e-01
8.349365998015396695e-01
8.349614658785932120e-01
8.349928746642810706e-01
9.679583287170512307e-01
9.679943763009069002e-01
9.680100443504502383e-01
9.680429286006930756e-01
9.680686014834802844e-01
9.681181799516846986e-01
1.101069095824097621e+00
1.101116354350104354e+00
1.101169320252395112e+00
1.101187846971854123e+00
1.101204668587568714e+00
1.101242117990493208e+00
1.101280780176535190e+00
1.234278904138302213e+00
1.234315995474783989e+00
1.234365947925657681e+00
1.234385524410266832e+00
1.234415921021736695e+00
1.234440995047600520e+00
1.234490210118377007e+00
1.367513933521440350e+00
1.367548826869033674e+00
1.367599382606524916e+00
1.367622389508391878e+00
1.367636342873423061e+00
1.367650231534157657e+00
1.367673950777738900e+00
1.367716660294180375e+00
1.500755441521389510e+00
1.500801230793382901e+00
1.500843014285088817e+00
8.348359081456434572e-01
8.348657272341050151e-01
8.349070711685012691e-01
8.349365998015396695e-01
8.349614658785932120e-01
8.349928746642810706e-01
9.679583287170512307e-01
9.679943763009069002e-01
9.680100443504502383e-01
9.680429286006930756e-01
9.680686014834802844e-01
9.681181799516846986e-01
1.101069095824097621e+00
1.101116354350104354e+00
1.101169320252395112e+00
1.101187846971854123e+00
1.101204668587568714e+00
1.101242117990493208e+00
1.101280780176535190e+00
1.234278904138302213e+00
1.234315995474783989e+00
1.234365947925657681e+00
1.234385524410266832e+00
1.234415921021736695e+00
1.234440995047600520e+00
1.234490210118377007e+00
1.367513933521440350e+00
1.367548826869033674e+00
1.367599382606524916e+00
1.367622389508391878e+00
1.367636342873423061e+00
1.367650231534157657e+00
1.367673950777738900e+00
1.367716660294180375e+00
1.500755441521389510e+00
1.500801230793382901e+00
1.500843014285088817e+00
1.500863060742422483e+00
8.348359081456434572e-01
8.348657272341050151e-01
8.349070711685012691e-01
8.349365998015396695e-01
8.349614658785932120e-01
8.349928746642810706e-01
9.679583287170512307e-01
9.679943763009069002e-01
9.680100443504502383e-01
9.680429286006930756e-01
9.680686014834802844e-01
9.681181799516846986e-01
1.101069095824097621e+00
1.101116354350104354e+00
1.101169320252395112e+00
1.101187846971854123e+00
1.101204668587568714e+00
1.101242117990493208e+00
1.101280780176535190e+00
1.234278904138302213e+00
1.234315995474783989e+00
1.234365947925657681e+00
1.234385524410266832e+00
1.234415921021736695e+00
1.234440995047600520e+00
1.234490210118377007e+00
1.367513933521440350e+00
1.367548826869033674e+00
1.367599382606524916e+00
1.367622389508391878e+00
1.367636342873423061e+00
1.367650231534157657e+00
1.367673950777738900e+00
1.367716660294180375e+00
1.500755441521389510e+00
1.500801230793382901e+00
1.500843014285088817e+00
1.500863060742422483e+00
1.500892530438930006e+00
8.348359081456434572e-01
8.348657272341050151e-01
8.349070711685012691e-01
8.349365998015396695e-01
8.349614658785932120e-01
8.349928746642810706e-01
9.679583287170512307e-01
9.679943763009069002e-01
9.680100443504502383e-01
9.680429286006930756e-01
9.680686014834802844e-01
9.681181799516846986e-01
1.101069095824097621e+00
1.101116354350104354e+00
1.101169320252395112e+00
1.101187846971854123e+00
1.101204668587568714e+00
1.101242117990493208e+00
1.101280780176535190e+00
1.234278904138302213e+00
1.234315995474783989e+00
1.234365947925657681e+00
1.234385524410266832e+00
1.234415921021736695e+00
1.234440995047600520e+00
1.234490210118377007e+00
1.367513933521440350e+00
1.367548826869033674e+00
1.367599382606524916e+00
1.367622389508391878e+00
1.367636342873423061e+00
1.367650231534157657e+00
1.367673950777738900e+00
1.367716660294180375e+00
1.500755441521389510e+00
1.500801230793382901e+00
1.500843014285088817e+00
1.500863060742422483e+00
1.500892530438930006e+00
1.500918583903192438e+00
8.348359081456434572e-01
8.348657272341050151e-01
8.349070711685012691e-01
8.349365998015396695e-01
8.349614658785932120e-01
8.349928746642810706e-01
9.679583287170512307e-01
9.679943763009069002e-01
9.680100443504502383e-01
9.680429286006930756e-01
9.680686014834802844e-01
9.681181799516846986e-01
1.101069095824097621e+00
1.101116354350104354e+00
1.101169320252395112e+00
1.101187846971854123e+00
1.101204668587568714e+00
1.101242117990493208e+00
1.101280780176535190e+00
1.234278904138302213e+00
1.234315995474783989e+00
1.234365947925657681e+00
1.234385524410266832e+00
1.234415921021736695e+00
1.234440995047600520e+00
1.234490210118377007e+00
1.367513933521440350e+00
1.367548826869033674e+00
1.367599382606524916e+00
1.367622389508391878e+00
1.367636342873423061e+00
1.367650231534157657e+00
1.367673950777738900e+00
1.367716660294180375e+00
1.500755441521389510e+00
1.500801230793382901e+00
1.500843014285088817e+00
1.500863060742422483e+00
1.500892530438930006e+00
1.500918583903192438e+00
1.500967562536100308e+00
8.348359081456434572e-01
8.348657272341050151e-01
8.349070711685012691e-01
8.349365998015396695e-01
8.349614658785932120e-01
8.349928746642810706e-01
9.679583287170512307e-01
9.679943763009069002e-01
9.680100443504502383e-01
9.680429286006930756e-01
9.680686014834802844e-01
9.681181799516846986e-01
1.101069095824097621e+00
1.101116354350104354e+00
1.101169320252395112e+00
1.101187846971854123e+00
1.101204668587568714e+00
1.101242117990493208e+00
1.101280780176535190e+00
1.234278904138302213e+00
1.234315995474783989e+00
1.234365947925657681e+00
1.234385524410266832e+00
1.234415921021736695e+00
1.234440995047600520e+00
1.234490210118377007e+00
1.367513933521440350e+00
1.367548826869033674e+00
1.367599382606524916e+00
1.367622389508391878e+00
1.367636342873423061e+00
1.367650231534157657e+00
1.367673950777738900e+00
1.367716660294180375e+00
1.500755441521389510e+00
1.500801230793382901e+00
1.500843014285088817e+00
1.500863060742422483e+00
1.500892530438930006e+00
1.500918583903192438e+00
1.500967562536100308e+00
1.501013664517081292e+00
